assoc-gen/T20.I6.1000K.data 1000000 16 0.001 0.00125 0.0015 0.00175
assoc-gen/T20.I6.1500K.data 1500000 8 0.001 0.00125 0.0015 0.00175
assoc-gen/T20.I6.2000K.data 2000000 16 0.001 0.00125 0.0015 0.00175
assoc-gen/T20.I6.3000K.data 3000000 16 0.001 0.00125 0.0015 0.00175
assoc-gen/T20.I6.4000K.data 4000000 16 0.001 0.00125 0.0015 0.00175
assoc-gen/T20.I6.5000K.data 5000000 16 0.001 0.00125 0.0015 0.00175
assoc-gen/T20.I6.6000K.data 6000000 16 0.001 0.00125 0.0015 0.00175
assoc-gen/T10.I6.6000K.data 6000000 16 0.00075 0.001 0.00125 0.0015 0.00175
assoc-gen/T15.I6.6000K.data 6000000 16 0.00075 0.001 0.00125 0.0015 0.00175
assoc-gen/T20.I6.6000K.data 6000000 16 0.001 0.00125 0.0015 0.00175
assoc-gen/T25.I6.6000K.data 6000000 16 0.00125 0.0015 0.00175 0.002 0.0025
assoc-gen/T30.I6.6000K.data 6000000 16 0.0015 0.00175 0.002 0.0025
assoc-gen/T35.I6.6000K.data 6000000 16 0.00175 0.002 0.0025
